0.000000000000000000e+00
-3.677623735879563810e+03
-3.552401082085752932e+03
-3.618059546938133280e+03
-3.611101641077638760e+03
-3.541538913585367482e+03
-3.557488511564457895e+03
-3.539441490014371539e+03
-3.612651204340183540e+03
-3.587798187254538789e+03
-3.239742205709112113e+03
-3.558230959246658131e+03
-3.582406301919177167e+03
-3.496854491157728717e+03
-3.544838001810949663e+03
-3.613480029927162377e+03
-3.552004394724958274e+03
-3.564531612908278476e+03
-3.596734700047352362e+03
-3.591811844920242038e+03
-3.592223686053922393e+03
-3.590091561727467706e+03
-3.582121889071362148e+03
-3.549552870354033075e+03
-3.553042910654966818e+03
-3.539900406367543837e+03
-3.588173190951857123e+03
-3.627769674365170431e+03
-3.383751534233711936e+03
-3.615505919607806845e+03
-3.552997348384795714e+03
-3.592917243647326814e+03
-3.647348252188048264e+03
-3.642473912688720247e+03
-3.446147440387374900e+03
-3.540154492284794742e+03
-3.407957972979912483e+03
-3.597544381832261024e+03
-3.604461032933634215e+03
-3.584402164486695710e+03
-3.557149490944137597e+03
-3.574479374214687141e+03
-3.546509404547044142e+03
-3.617224933421055539e+03
-3.572333818776438875e+03
-3.570507188468647200e+03
-3.551360040405955260e+03
-3.576942285827049091e+03
-3.592066499477708930e+03
-3.549196546747586126e+03
-3.581622894049334718e+03
-3.580167262636033229e+03
-3.551867243960469295e+03
-3.479781340450163498e+03
-3.553806563873582490e+03
-3.549430195173659286e+03
-3.552449130709871042e+03
-3.559972199444847320e+03
-3.648568544478449439e+03
-3.551197321437100527e+03
-3.632739972360836418e+03
-3.577733186473397382e+03
-3.573633398645219131e+03
-3.564687832583014824e+03
-3.458715667752107493e+03
-3.633051166036428185e+03
-3.548286653093995938e+03
-3.598089038975828771e+03
-3.511922898485458518e+03
-3.592954905499659162e+03
-3.552074793715384658e+03
-3.596091878488517068e+03
-3.574062898197403229e+03
-3.566018068860558742e+03
-3.591014159492631734e+03
-3.547250067435417805e+03
-3.601029333080539800e+03
-3.568771457572809595e+03
-3.538926891815999170e+03
-3.557187078329402539e+03
-3.624156096420877020e+03
-3.644659210506743420e+03
-3.541809992749163939e+03
-3.552296161344332631e+03
-3.587066924221639056e+03
-3.440558202123645060e+03
-3.557721246924931165e+03
-3.392012999462410789e+03
-3.542507207422353076e+03
-3.538935965437632149e+03
-3.573742861787262427e+03
-3.581229056523336567e+03
-3.572811529561567113e+03
-3.526305397528806679e+03
-3.262268841723891001e+03
-3.356854575019481217e+03
-3.654906310204235069e+03
-3.458193515904240940e+03
-3.541779994653509220e+03
-3.622048712631806211e+03
-3.574582604065036776e+03
-3.547441995130351188e+03
-3.582582028170030753e+03
-3.624082175925675983e+03
-3.602861225403426943e+03
-3.265249357710902586e+03
-3.555524902878355988e+03
-3.573649047915169376e+03
-3.543783511938624997e+03
-3.595104025242936586e+03
-3.580796002900105123e+03
-3.578006816576977599e+03
-3.577063857826722142e+03
-3.550580306495842706e+03
-3.601312131780970503e+03
-3.628932674599291204e+03
-3.593394237987147335e+03
-2.628237740655678863e+03
-3.579652339579137333e+03
-3.554361305708617238e+03
-3.566257081054121045e+03
-3.625056614776387505e+03
-3.332141923477338423e+03
-3.592203421971563785e+03
-3.602293133975369983e+03
-3.545417835442600335e+03
-3.397331465705045503e+03
-3.606511007194064860e+03
-3.577634613211129363e+03
-3.536620089169060975e+03
-3.636643162949463658e+03
-3.588937232015572590e+03
-3.363976994910933627e+03
-3.579897000036456575e+03
-3.667548342274068546e+03
-3.615622758533143951e+03
-3.554386651444341624e+03
-3.547192650124218289e+03
-3.554772424831577155e+03
-3.594356149109582475e+03
-3.588129366261201540e+03
-3.542731509018733050e+03
-3.568626081742785118e+03
-3.584180302814094375e+03
-3.275175640772885345e+03
-3.572254848733729432e+03
-3.713810057406214128e+03
-3.575630378780172123e+03
-3.563358313034982075e+03
-3.607715556187490620e+03
-3.539205925394382120e+03
-3.555434760350355646e+03
-3.567528867153119336e+03
-3.647129617074336238e+03
-3.362351490798407212e+03
-3.580616462053506893e+03
-3.571840447751892043e+03
-3.584208846504815483e+03
-3.547897165434511408e+03
-3.650975530751079987e+03
-3.555951401787924624e+03
-3.542117956233477798e+03
-3.553237898404312091e+03
-3.584016625343096166e+03
-3.569438456137774665e+03
-3.557288099737988887e+03
-3.546748929200317434e+03
-3.591303470911183467e+03
-3.599203296173327544e+03
-3.588494337048599846e+03
-3.554311517524514784e+03
-3.561704230222001115e+03
-3.551540949639553219e+03
-3.581354756062961314e+03
-3.626090017522216385e+03
-3.519171767797709890e+03
-3.548263848122551281e+03
-3.541501095674482713e+03
-3.573719614720587742e+03
-3.559040110574116625e+03
-3.550599516696621777e+03
-3.628606906338474801e+03
-3.566711663538030280e+03
-3.586946657620318547e+03
-3.555790216430875716e+03
-3.578674491243729335e+03
-3.629739062562474373e+03
-3.531963519828237168e+03
-3.566162893694108334e+03
-3.560296561317546548e+03
-3.582793730333478834e+03
-3.764249750989066342e+03
-3.639805456043315189e+03
-3.554410110579622142e+03
-3.573248000464723646e+03
-3.582909988596364656e+03
-3.602830606704662387e+03
-3.585738950978422963e+03
-3.530799591045522902e+03
-3.757597967562622671e+03
-3.559651922100459615e+03
-3.554927761928881864e+03
-3.550741832895779680e+03
-3.545508147643189659e+03
-3.700490096322234422e+03
-3.660744700300662771e+03
-3.553862809239672515e+03
-3.605869075754349069e+03
-3.597362413222879695e+03
-3.586951572395859785e+03
-3.527060660991320674e+03
-3.595435276189055912e+03
-3.545516792563392755e+03
-3.718585335107301489e+03
-3.637589580880016911e+03
-3.567442594206621379e+03
-3.553140932387907014e+03
-3.638724185342536202e+03
-3.627993820969941680e+03
-3.571861842109851750e+03
-3.668013137319463567e+03
-3.565522324738518364e+03
-3.606166128851930807e+03
-3.681774510582908988e+03
-3.604949567094744907e+03
-3.572276808102229097e+03
-3.542643568276927908e+03
-3.534237552085312473e+03
-3.566615952978360838e+03
-3.547830296889603233e+03
-3.613924540807071025e+03
-3.629986851160876085e+03
-3.554137200494084027e+03
-3.603553423369550273e+03
-3.625133567267720991e+03
-3.544399863956949503e+03
-3.634874760735687687e+03
-3.927680839934587311e+03
-3.674388745057001870e+03
-3.597054118023344017e+03
-3.552816620467710436e+03
-3.594687004710879137e+03
-3.584297052746343525e+03
-3.632183176967166219e+03
-3.559074556673102052e+03
-3.583032675145911526e+03
-3.608808323331280008e+03
-3.722619543609825541e+03
-3.650760280778899414e+03
-3.543924889493980572e+03
-3.648955881952160325e+03
-3.551791073830977439e+03
-3.545204883619828252e+03
-3.641780026561560135e+03
-3.622366958034179788e+03
-3.631171373038259389e+03
-3.560247746231630117e+03
-3.582731930435293634e+03
-3.577675376364101339e+03
-3.578766144841802088e+03
-3.525654082749388181e+03
-3.569961434225219818e+03
-3.569439840156853279e+03
-3.577547309587769178e+03
-3.550737403146398719e+03
-3.584451013029587557e+03
-3.664947158975714501e+03
-3.595513638397093018e+03
-3.669196711270595642e+03
-3.622379538304694961e+03
-3.586473805268778960e+03
-3.586242744869722628e+03
-3.562144889431747288e+03
-3.533877990715291162e+03
-3.592088586940467394e+03
-3.567434844606532806e+03
-3.547237320317825379e+03
-3.557821433339712257e+03
-3.582542464244855182e+03
-3.546124844292008675e+03
-3.590738218307749321e+03
-3.558340176753510150e+03
-3.756357449142876249e+03
-3.599556266525978572e+03
-3.662767710443786655e+03
-3.623614447194808236e+03
-3.542396170990793053e+03
-3.635040725326238316e+03
-3.564941439452174109e+03
-3.538690134000238686e+03
-3.569976835206720807e+03
-3.581102406678341595e+03
-3.551495753779826373e+03
-3.543465256904420585e+03
-3.622862225943310932e+03
-3.573730803111442128e+03
-3.584845094579032775e+03
-3.567886707338889664e+03
-3.555015929551106183e+03
-3.583470387436989768e+03
-3.546985041921014727e+03
-3.538719090227015386e+03
-3.591323737406354667e+03
-3.575979170338612676e+03
-3.560684698173262404e+03
-3.961753427355974054e+03
-3.587030007172544174e+03
-3.571231499968164826e+03
-3.588327855153190740e+03
-3.587852976585701072e+03
-3.580123742269548075e+03
-3.607039096294190585e+03
-3.601998731356573899e+03
-3.682748937601414127e+03
-3.589038970536511442e+03
-3.551562664741933531e+03
-3.607850967396907890e+03
-3.627026306971768463e+03
-3.632246057440112054e+03
-3.599579382936287857e+03
-3.659913536875424597e+03
-3.680502986292741753e+03
-3.612515461924514966e+03
-3.567152132702338804e+03
-3.607742618297551417e+03
-3.600578478305231783e+03
-6.803205836865728315e+02
-3.592235043788270559e+03
-3.540562344546225631e+03
-3.579911190218901993e+03
-3.559142927828874235e+03
-3.570179671886006417e+03
-3.562524819843145451e+03
-3.642027805229251953e+03
-3.625991479510154932e+03
-3.544858091830164994e+03
-3.585463442855880658e+03
-3.609184631521441133e+03
-3.537233968271287267e+03
-3.563798286631775227e+03
-3.623795619417466241e+03
-3.580708494388208237e+03
-3.559135685443184229e+03
-3.577619173190359106e+03
-3.610452012511285375e+03
-3.622163976723482392e+03
-3.544810613130987804e+03
-3.544008906892933283e+03
-3.558431484046128844e+03
-3.585919460692760367e+03
-3.587046510677466358e+03
-3.617747482367741213e+03
-3.608734814852906311e+03
-2.646778846879641151e+03
-3.582367869967794832e+03
-3.557583105527175576e+03
-3.580556130640241918e+03
-3.576580830486940158e+03
-3.616874530471878643e+03
-3.575210999107764110e+03
-3.627839359907206472e+03
-3.669304300881959534e+03
-3.577677707014176576e+03
-3.579269596527317390e+03
-3.569650727439592174e+03
-3.568006874245860672e+03
-3.626345382330011034e+03
-3.544396286498631525e+03
-3.575531550712549233e+03
-3.672225633617179938e+03
-3.629040741292695202e+03
-3.640780785315766479e+03
-3.585607180857672574e+03
-3.590156549612417166e+03
-3.640658465116241587e+03
-3.568648429737449987e+03
-3.601233158005477890e+03
-3.600397484578099466e+03
-3.663789284976326599e+03
-3.559315418548394518e+03
-3.548642888468145884e+03
-3.596126451374851513e+03
-3.563608776346243303e+03
-3.721458157702107655e+03
-3.560222005013438775e+03
-3.542463699811291917e+03
-3.523057179703493603e+03
-3.562412570149024759e+03
-3.597863081219278229e+03
-3.628241305258317880e+03
-3.559559785844908674e+03
-3.535253805135466337e+03
-3.561278422923168819e+03
-3.608093795773248530e+03
-3.596816673586443812e+03
-3.582257384919796550e+03
-3.562088745253400702e+03
-3.584422153620584595e+03
-3.579428353082043486e+03
-3.559226907404543908e+03
-3.638855114929108368e+03
-3.557947598634459155e+03
-3.711456340447042749e+03
-3.556486889305055684e+03
-3.644473602203054725e+03
-3.653128519001481891e+03
-3.586826371339637717e+03
-3.563785956303446255e+03
-3.605751675016129866e+03
-3.558115691998542843e+03
-3.566705941874141899e+03
-3.601890699194895660e+03
-3.634108934457208306e+03
-3.549281659523969211e+03
-3.595481879381874478e+03
-3.558693198160047814e+03
-3.533401555018079307e+03
-3.597633460180651582e+03
-3.638311755300890582e+03
-3.788904519990204790e+03
-3.541185661490006623e+03
-3.594812914487808030e+03
-3.630626565658889831e+03
-3.596367727620036476e+03
-3.634229094011248890e+03
-3.544940321516880431e+03
-3.591792716577778720e+03
-3.596107738368805258e+03
-3.642866010542480581e+03
-3.583545285138811778e+03
-3.677440615938923202e+03
-3.579467857655745320e+03
-3.527981315320845624e+03
-3.595213246276093287e+03
-3.545568883435629232e+03
-3.600907000679058910e+03
-3.675432801850902706e+03
-3.569140857156160564e+03
-3.564769727867659640e+03
-3.542517185202751989e+03
-3.602592363707065488e+03
-3.577844800073732131e+03
-3.556163521370327544e+03
-3.650955210314825308e+03
-3.555591605877807979e+03
-3.540373752151597728e+03
-3.553787126477587208e+03
-3.579806023553041996e+03
-3.543753536439659456e+03
-3.559927806451614288e+03
-3.564842183692959679e+03
-3.617719446633676853e+03
-3.560214172556653466e+03
-3.622762856332166393e+03
-3.601068792174671671e+03
-3.578124119104437341e+03
-3.666589217711989022e+03
-3.617767705300499074e+03
-3.610997664559344685e+03
-9.772317020385248725e+02
-3.756209205962398755e+03
-7.835108460483812678e+02
-3.715306331473267619e+03
-3.882062032695254857e+03
-3.802459378391962673e+03
-3.964480713889212893e+03
-4.039781807513149033e+03
-4.059256445703521422e+03
-3.968119419202682366e+03
-3.843245944417243663e+03
-3.583057913860941881e+03
-3.573714205350038810e+03
-3.541098681489560477e+03
-3.707881931939296010e+03
-3.586609812881154085e+03
-3.683165132161818747e+03
-3.547984298038113593e+03
-3.555648504958001922e+03
-3.550763077686236102e+03
-3.575362118910674781e+03
-3.561725349115099561e+03
-3.593726909778728441e+03
-3.546334093185089841e+03
-3.662282237697583696e+03
-3.621931481503007035e+03
-3.605236747911046677e+03
-3.591321421605909563e+03
-3.542252302973815858e+03
-3.546772388044365016e+03
-3.586594831887351120e+03
-3.642896010261194533e+03
-3.597286802038494898e+03
-3.620060313101212614e+03
-3.558371008309813078e+03
-3.573104481323342952e+03
-3.613709650841939492e+03
-3.552102735706620479e+03
-3.572545076380317369e+03
-3.571293201124542975e+03
-3.611832242382839922e+03
-3.646838818812870613e+03
-3.578254831552658743e+03
-3.589613826232706288e+03
-3.552580314120592448e+03
-3.577430219540445250e+03
-3.557501068649690296e+03
-3.566920029844820874e+03
-3.542625470886537187e+03
-3.572570644200595780e+03
-3.601916628501038758e+03
-3.619134791837403100e+03
-3.573937043419287875e+03
-3.579650659075619387e+03
-3.545658026269380571e+03
-3.561543232358695604e+03
-3.564916976830106250e+03
-3.570592405519476415e+03
-3.597426079328138258e+03
-3.645901025504847439e+03
-3.584640806757658083e+03
-3.201206430189546154e+03
-3.591797360215711706e+03
-3.579308137148157584e+03
-3.568232732624348500e+03
-3.567556800453530741e+03
-3.615491450625352172e+03
-3.555721968122275484e+03
-3.579848945284870297e+03
-3.581417543610149551e+03
-3.552289559292657486e+03
-3.708604086546835788e+03
-3.542227439093881912e+03
-3.589235846669104831e+03
-3.577522761883553358e+03
-3.540427818862173808e+03
-3.564811805847484720e+03
-3.588408688630418510e+03
-3.573696352218963966e+03
-3.564535154131597210e+03
-3.574390732862375444e+03
-3.670166240934534471e+03
-3.537011701515370532e+03
-3.557116910011769050e+03
-3.537746069692532274e+03
-3.550471907366971664e+03
-3.617693250180815539e+03
-3.599268954527537517e+03
-3.297813979050380112e+03
-3.561859670549555176e+03
-3.537690186955999252e+03
-3.584780525878489698e+03
-3.600615553723608627e+03
-3.590806026983313586e+03
-3.590596285868773066e+03
-3.642528199180453612e+03
-3.663047844407770754e+03
-3.540849087025686003e+03
-3.573232071591170552e+03
-3.540558309225885750e+03
-3.548621293619564312e+03
-3.577971439557831218e+03
-3.554775040540047030e+03
-3.587853330069853655e+03
-3.545766049565040248e+03
-3.563711068240755139e+03
-3.548580943381970883e+03
-3.572756956598633678e+03
-3.554220795994223863e+03
-3.402215733889044259e+03
-1.906228292445091938e+03
-3.457494465115990806e+03
-3.602888554997121901e+03
-1.897238067610973076e+03
-2.014963863961461584e+03
-1.644597526818855158e+03
-1.778459328056364484e+03
-3.045658801798358581e+03
-2.664556740442194950e+03
-2.310617560693013729e+03
-2.456209091675153104e+03
-2.846968362967858866e+03
-3.002827167509386072e+03
-3.118286233837146028e+03
-3.122584106499943573e+03
-2.608593705759708882e+03
-6.586502759897877013e+02
-2.688615873206565539e+03
-1.250463978702567829e+03
-1.734440484264994438e+03
-2.383983453631127304e+03
-1.419662847236424113e+03
-1.722451287031776246e+03
-3.542999734245011950e+03
-3.023486002571601603e+03
-2.309357372513831251e+03
-2.836340822585026672e+03
-1.477367784212789502e+03
-1.341948797159461265e+03
-1.186982968184938727e+03
-2.253651450708384345e+03
-1.366345232537952370e+03
-1.870998187486606639e+03
-2.183424789239139500e+03
-3.077565507447949130e+03
-1.407368846886885194e+03
-2.204565478187170811e+03
-1.667028815923862339e+03
-2.601048551831244367e+03
-1.716304316226992796e+03
-2.423473881951776548e+03
-1.701858728084637733e+03
-2.763527398998784520e+03
-2.728379752887250106e+03
-3.285244581771522917e+03
-1.784366916309239286e+03
-2.557090119842952390e+03
-2.535236435127678305e+03
-2.707877300167875546e+03
-2.846789336236912277e+03
-2.685297303083971656e+03
-3.479761051987885367e+03
-1.461326277637222120e+03
-1.814753567005129980e+03
-2.904833620883692674e+03
-1.632652710200618685e+03
-2.116518839742888304e+03
-2.730950896403705428e+03
-2.363003990922914909e+03
-2.547229441322404455e+03
-1.564038025689056667e+03
-3.363572436943499270e+03
-2.916576323013866386e+03
-3.285627342911016967e+03
-1.749541513991048305e+03
-2.778375399236404064e+03
-1.817514119850617135e+03
-3.283017470163037615e+03
-2.679161014699815496e+03
-2.463804077086971120e+03
-2.241410119917279189e+03
-1.702653194421431181e+03
-3.388307724096351194e+03
-2.323609435876416228e+03
-2.708599630417453682e+03
-2.767466231442598655e+03
-1.527319403524812969e+03
-2.865194268000748252e+03
-2.051389065767883949e+03
-2.486585504336902432e+03
-3.088188243731906823e+03
-1.764450928506944820e+03
-2.512125982333651791e+03
-2.683080257002686267e+03
-2.221233256204877307e+03
-2.068781111398531721e+03
-1.769054751165441075e+03
-1.252955930422552910e+03
-3.236859690122574648e+03
-2.813542464239506899e+03
-2.364944971343724319e+03
-2.578052041057498172e+03
-1.988200617035540972e+03
-2.966956169058671094e+03
-2.330909903468137600e+03
-2.696199021625489877e+03
-2.467452847675942394e+03
-3.359776833678554340e+03
-3.590406606471512532e+03
-2.016301805496330644e+03
-2.920001626258439501e+03
-2.020360437838836333e+03
-2.658312794994997148e+03
-2.406398476450399357e+03
-1.282115750067710906e+03
-2.627108584954582057e+03
-2.982393197165932179e+03
-1.996411553755235218e+03
-1.926172897900358521e+03
-2.614652512863903667e+03
-2.584979508781907498e+03
-2.619626747582749431e+03
-3.037755120785607232e+03
-2.945956432985532501e+03
-2.426655266667683463e+03
-3.321505270742995435e+03
-2.943303406392113629e+03
-2.788638312995558408e+03
-2.314307109084618332e+03
-2.353058209509684275e+03
-2.741251524628872630e+03
-1.976786022065339921e+03
-1.557950215740540898e+03
-2.782707769915870813e+03
-2.548117875915172590e+03
-2.711523818452229989e+03
-1.983433851332723862e+03
-1.450573686855031610e+03
-3.133064101508502972e+03
-2.881263262821401440e+03
-2.821132464079695637e+03
-2.135077757816114172e+03
-2.132237801333554216e+03
-2.691595625777712030e+03
-2.594114641291241696e+03
-2.642060016692771569e+03
-2.598595271368772046e+03
-2.596910351129132778e+03
-2.157932578296156862e+03
-1.473609623128485509e+03
-2.134732343205284451e+03
-1.551179700039396039e+03
-2.794891240705200744e+03
-1.933878699529570440e+03
-1.729332086906832501e+03
-2.450181907515158855e+03
-2.068318016424944744e+03
-1.701122755284097593e+03
-2.505578644307417107e+03
-2.462761896999881174e+03
-2.965665635120677507e+03
-2.719033257345785387e+03
-2.884089874918816804e+03
-2.980989479884248794e+03
-2.671195773674903194e+03
-2.832674572245582112e+03
-2.734245183585939230e+03
-2.599042124707526455e+03
-3.484300151241486219e+03
-1.989041714566864812e+03
-1.794473853075798388e+03
-3.056049977523016878e+03
-2.083402650991715291e+03
-2.854228667695422700e+03
-1.952347173459235592e+03
-3.216188969848169108e+03
-1.581391771751124907e+03
-2.392751161340727776e+03
-2.585509169490455861e+03
-2.450774851044790012e+03
-2.027605611835238733e+03
-2.919030425834300331e+03
-1.548102344506957706e+03
-2.654667809677992409e+03
-1.619341467045593845e+03
-2.497011674682656576e+03
-1.311637773430776406e+03
-3.583030222310598219e+03
-2.685275184062966673e+03
-2.632999417041986817e+03
-1.991486255696321905e+03
-2.333372876165428806e+03
-3.023761853665791932e+03
-2.693451118432038584e+03
-3.440948805122141493e+03
-2.083357031769368859e+03
-2.958169827008271568e+03
-3.096984033951888705e+03
-1.958288070872905564e+03
-2.881843107710962613e+03
-1.156091056424919088e+03
-2.905153101640307341e+03
-2.480659803410478162e+03
-2.838687037059879458e+03
-1.740339166010783174e+03
-1.367859963562836128e+03
-1.777777986456903818e+03
-1.219383620666939350e+03
-1.185705498999761630e+03
-1.100988997959211247e+03
-1.017260429545495981e+03
-8.897921405208937813e+02
-1.045004880309605369e+03
-8.516130950274788347e+02
-1.053663155783836828e+03
-1.104397556653616448e+03
-9.080167481725682137e+02
-9.174654162993199407e+02
-9.132378314750422987e+02
-8.490082671676096879e+02
-8.929663000835787443e+02
-8.714670690529828789e+02
-9.340187650068787661e+02
-8.446290490878176342e+02
-8.784124691293662863e+02
-8.617102469914708536e+02
-9.326570070538767823e+02
-8.853715765303530816e+02
-8.665164429148534282e+02
-8.836367862942563534e+02
-9.062485530911435490e+02
-8.656998521447432040e+02
-8.809243468347310682e+02
-9.330889207238311656e+02
-8.997930530262080993e+02
-8.724397343152757003e+02
-1.154014237426258887e+03
-8.693973257929451393e+02
-8.920763746649568020e+02
-8.612623242902205902e+02
-9.086460936025805495e+02
-8.721864288278097774e+02
-8.683125253905092222e+02
-1.135126896865157050e+03
-8.833953810681280174e+02
-1.089640428636629622e+03
-1.148359803685198585e+03
-1.034250556487064387e+03
-1.123741117315336624e+03
-1.035478737253839881e+03
-1.215568101454152156e+03
-1.228264610877593668e+03
-1.104940993159461641e+03
-1.173604065691394680e+03
-1.226364509559948146e+03
-1.123693421073689251e+03
-9.958982458570201288e+02
-1.103973930889266740e+03
-1.090886142789336873e+03
-9.936664524853110834e+02
-9.021502006758867083e+02
-9.350021329004749759e+02
-1.242784532449253447e+03
-8.478805452617880292e+02
-1.054610637964292209e+03
-9.440233841638623744e+02
-8.844936293400219256e+02
-9.433633763827492658e+02
-9.232487023576561569e+02
-9.193823423784986062e+02
-1.157433466421173307e+03
-9.064903235871366860e+02
-9.182867668872313516e+02
-9.542073676403889522e+02
-1.024846771160885737e+03
-1.152992258808138331e+03
-8.366577566905950789e+02
-1.008306289190611324e+03
-8.751057779558286711e+02
-8.835971889865709272e+02
-1.052472458694395755e+03
-1.090485582807488299e+03
-1.017398809373951508e+03
-9.536382893317347680e+02
-9.022298473587759418e+02
-1.025554661722514084e+03
-8.980031503246336797e+02
-9.123356208453396903e+02
-8.838379959186593169e+02
-8.595195422648422436e+02
-1.046441900141389851e+03
-9.256548750951931197e+02
-8.772114476070283899e+02
-9.998047870885586690e+02
-1.018557570491363549e+03
-1.027957722368637860e+03
-1.218658326717667023e+03
-9.538569766810932151e+02
-9.336014264654138515e+02
-9.896285711628257786e+02
-1.018454824795499462e+03
-1.009108341097973948e+03
-9.467259908576863836e+02
-1.046134192414130212e+03
-9.402421562339141019e+02
-1.051581678597564633e+03
-1.130170691377265712e+03
-1.091938668008595187e+03
-1.018995567258958317e+03
-2.195650000831195939e+03
-8.312427872799486295e+02
-1.192432485041773361e+03
-8.653118191065314022e+02
-8.676419901474587277e+02
-9.165794617976014251e+02
-8.442979444974369017e+02
-8.687632424477066024e+02
-1.350823196966172191e+03
-8.777594605150264897e+02
-9.815282781071416593e+02
-9.214444469594029670e+02
-8.782301747727609609e+02
-8.475189667008487504e+02
-1.122876756951643529e+03
-9.088374120318500218e+02
-8.678996437782981275e+02
-8.715699392576527771e+02
-8.995785007606311865e+02
-9.103702141205549196e+02
-8.935323044714878051e+02
-9.398767453483885674e+02
-8.802163939117913287e+02
-8.991037375317113174e+02
-9.499953650498407569e+02
-9.006366346462745014e+02
-9.310215601403501751e+02
-9.673446635960716549e+02
-8.530942152539782910e+02
-1.041939377315836055e+03
-9.546517923354558661e+02
-1.083210940747051382e+03
-8.644628836262683080e+02
-8.484141132481156546e+02
-9.307712861272161717e+02
-9.799322462939380785e+02
-8.440161141597924370e+02
-9.019919739947704329e+02
-1.090224810455888701e+03
-8.512761004215943785e+02
-9.241004823376515560e+02
-8.710128902806525275e+02
-6.542549301286153423e+02
-8.892942826868130624e+02
-8.754375424981253673e+02
-9.184472079479587592e+02
-8.521203715202907460e+02
-8.627225848122225216e+02
-9.258031771581099747e+02
-8.912117823218571857e+02
-8.596930591634456960e+02
-8.804813978763622799e+02
-9.765429126836530713e+02
-1.035320455624024589e+03
-1.049359006303782735e+03
-8.650704644425612742e+02
-1.393510084026848745e+03
-9.947894637264649873e+02
-9.431804681661790255e+02
-8.701918926116196644e+02
-1.181639918759710554e+03
-8.873092149078989905e+02
-9.751193068074421717e+02
-8.754110967923859334e+02
-9.017577675593959157e+02
-9.135497100567206417e+02
-8.896814525875229265e+02
-1.017817610050437111e+03
-9.798631452689581920e+02
-9.093593801741707239e+02
-9.695333511332396483e+02
-1.428331849897414031e+03
-9.368020059596497049e+02
-1.246206090190769146e+03
-9.650938673087842972e+02
-9.963348133931276607e+02
-1.515492780248177269e+03
-9.208340031364282368e+02
-9.827814373570025737e+02
-9.544733295020680544e+02
-9.612812155900542166e+02
-1.354248187820974181e+03
-1.064782190883681324e+03
-1.117960042910968696e+03
-1.239313868180975987e+03
-1.030087670137623718e+03
-1.017766254746439699e+03
